17.9484
24.4534
27.2331
28.6184
29.4018
29.8894
30.2147
30.4432
30.6099
30.7354
30.8322
30.9088
30.9709
31.0227
31.0672
31.1072
31.1446
31.1814
31.2195
31.2608
31.3078
31.363
31.4301
31.5141
31.6223
31.7658
31.9633
32.2476
32.6827
33.4079
34.7655
37.7186
45.3401
50.6323
53.8605
55.8386
57.0996
57.941
58.5263
58.9481
59.2612
59.4994
59.6847
59.8321
59.9522
60.0525
60.1391
60.2169
60.2897
60.3614
60.4357
60.5161
60.6072
60.714
60.8433
61.004
61.2091
61.4777
61.8398
62.3443
63.0755
64.1832
65.9356
68.7688
73.0611
76.8753
79.7379
81.7758
83.217
84.2487
85.0015
85.5618
85.9872
86.3162
86.5751
86.7829
86.9531
87.0961
87.22
87.3314
87.436
87.5391
87.6456
87.7609
87.8909
88.0426
88.225
88.4496
88.7325
89.0962
89.5738
90.2144
91.0917
92.3139
94.0248
96.36
99.26
102.07
104.44
106.31
107.744
108.835
109.669
110.311
110.81
111.203
111.517
111.771
111.981
112.159
112.313
112.453
112.584
112.713
112.847
112.991
113.153
113.341
113.564
113.837
114.175
114.601
115.145
115.848
116.763
117.956
119.49
121.386
123.549
125.704
127.643
129.28
130.613
131.68
132.528
133.202
133.738
134.169
134.518
134.804
135.042
135.244
135.422
135.582
135.734
135.883
136.037
136.203
136.389
136.603
136.855
137.159
137.53
137.987
138.557
139.268
140.157
141.257
142.591
144.146
145.847
147.555
149.147
150.553
151.749
152.744
153.562
154.229
154.773
155.217
155.582
155.884
156.138
156.356
156.547
156.721
156.886
157.048
157.216
157.396
157.597
157.826
158.095
158.414
158.797
159.262
159.826
160.512
161.339
162.325
163.472
164.76
166.136
167.521
168.838
170.035
171.085
171.986
172.746
173.381
173.908
174.345
174.708
175.012
175.27
175.493
175.689
175.869
176.039
176.208
176.382
176.568
176.775
177.011
177.284
177.604
177.984
178.437
178.975
179.614
180.364
181.231
182.212
183.287
184.418
185.555
186.649
187.663
188.572
189.369
190.056
190.639
191.132
191.546
191.894
192.187
192.438
192.656
192.849
193.026
193.195
193.362
193.535
193.721
193.926
194.158
194.425
194.735
195.099
195.525
196.024
196.604
197.27
198.024
198.859
199.757
200.693
201.632
202.542
203.394
204.171
204.863
205.468
205.989
206.435
206.813
207.133
207.406
207.639
207.843
208.025
208.192
208.352
208.511
208.676
208.853
209.049
209.269
209.522
209.813
210.151
210.542
210.992
211.507
212.089
212.736
213.441
214.19
214.964
215.738
216.491
217.202
217.855
218.444
218.963
219.415
219.805
220.137
220.421
220.662
220.871
221.052
221.215
221.365
221.51
221.655
221.805
221.967
222.147
222.349
222.58
222.845
223.15
223.498
223.896
224.344
224.843
225.39
225.979
226.598
227.233
227.867
228.483
229.066
229.605
230.093
230.526
230.905
231.232
231.511
231.75
231.953
232.128
232.281
232.417
232.545
232.668
232.792
232.922
233.064
233.222
233.401
233.605
233.838
234.104
234.407
234.748
235.129
235.549
236.003
236.487
236.991
237.504
238.014
238.507
238.974
239.406
239.797
240.143
240.445
240.705
240.927
241.114
241.272
241.407
241.525
241.63
241.728
241.824
241.923
242.028
242.145
242.277
242.427
242.6
242.797
243.022
243.276
243.561
243.876
244.219
244.587
244.975
245.375
245.778
246.176
246.559
246.918
247.248
247.544
247.805
248.029
248.218
248.376
248.507
248.615
248.704
248.781
248.849
248.913
248.978
249.046
249.123
249.211
249.313
249.432
249.57
249.729
249.91
250.115
250.344
250.594
250.865
251.152
251.451
251.755
252.058
252.353
252.633
252.892
253.124
253.328
253.502
253.646
253.762
253.853
253.923
253.975
254.015
254.046
254.072
254.098
254.127
254.162
254.207
254.262
254.332
254.417
254.518
254.638
254.775
254.931
255.104
255.292
255.494
255.705
255.921
256.136
256.347
256.546
256.729
256.891
257.029
257.142
257.229
257.292
257.331
257.352
257.356
257.349
257.334
257.315
257.296
257.28
257.27
257.269
257.279
257.3
257.336
257.385
257.449
257.529
257.623
257.73
257.849
257.978
258.114
258.252
258.391
258.523
258.646
258.754
258.845
258.914
258.96
258.982
258.981
258.96
258.92
258.866
258.801
258.73
258.656
258.584
258.517
258.456
258.405
258.366
258.339
258.325
258.325
258.339
258.366
258.405
258.456
258.517
258.584
258.656
258.73
258.801
258.866
258.92
258.96
258.981
258.982
258.96
258.914
258.845
258.754
258.646
258.523
258.391
258.252
258.114
257.978
257.849
257.73
257.623
257.529
257.449
257.385
257.336
257.3
257.279
257.269
257.27
257.28
257.296
257.315
257.334
257.349
257.356
257.352
257.331
257.292
257.229
257.142
257.029
256.891
256.729
256.546
256.347
256.136
255.921
255.705
255.494
255.292
255.104
254.931
254.775
254.638
254.518
254.417
254.332
254.262
254.207
254.162
254.127
254.098
254.072
254.046
254.015
253.975
253.923
253.853
253.762
253.646
253.502
253.328
253.124
252.892
252.633
252.353
252.058
251.755
251.451
251.152
250.865
250.594
250.344
250.115
249.91
249.729
249.57
249.432
249.313
249.211
249.123
249.046
248.978
248.913
248.849
248.781
248.704
248.615
248.507
248.376
248.218
248.029
247.805
247.544
247.248
246.918
246.559
246.176
245.778
245.375
244.975
244.587
244.219
243.876
243.561
243.276
243.022
242.797
242.6
242.427
242.277
242.145
242.028
241.923
241.824
241.728
241.63
241.525
241.407
241.272
241.114
240.927
240.705
240.445
240.143
239.797
239.406
238.974
238.507
238.014
237.504
236.991
236.487
236.003
235.549
235.129
234.748
234.407
234.104
233.838
233.605
233.401
233.222
233.064
232.922
232.792
232.668
232.545
232.417
232.281
232.128
231.953
231.75
231.511
231.232
230.905
230.526
230.093
229.605
229.066
228.483
227.867
227.233
226.598
225.979
225.39
224.843
224.344
223.896
223.498
223.15
222.845
222.58
222.349
222.147
221.967
221.805
221.655
221.51
221.365
221.215
221.052
220.871
220.662
220.421
220.137
219.805
219.415
218.963
218.444
217.855
217.202
216.491
215.738
214.964
214.19
213.441
212.736
212.089
211.507
210.992
210.542
210.151
209.813
209.522
209.269
209.049
208.853
208.676
208.511
208.352
208.192
208.025
207.843
207.639
207.406
207.133
206.813
206.435
205.989
205.468
204.863
204.171
203.394
202.542
201.632
200.693
199.757
198.859
198.024
197.27
196.604
196.024
195.525
195.099
194.735
194.425
194.158
193.926
193.721
193.535
193.362
193.195
193.026
192.849
192.656
192.438
192.187
191.894
191.546
191.132
190.639
190.056
189.369
188.572
187.663
186.649
185.555
184.418
183.287
182.212
181.231
180.364
179.614
178.975
178.437
177.984
177.604
177.284
177.011
176.775
176.568
176.382
176.208
176.039
175.869
175.689
175.493
175.27
175.012
174.708
174.345
173.908
173.381
172.746
171.986
171.085
170.035
168.838
167.521
166.136
164.76
163.472
162.325
161.339
160.512
159.826
159.262
158.797
158.414
158.095
157.826
157.597
157.396
157.216
157.048
156.886
156.721
156.547
156.356
156.138
155.884
155.582
155.217
154.773
154.229
153.562
152.744
151.749
150.553
149.147
147.555
145.847
144.146
142.591
141.257
140.157
139.268
138.557
137.987
137.53
137.159
136.855
136.603
136.389
136.203
136.037
135.883
135.734
135.582
135.422
135.244
135.042
134.804
134.518
134.169
133.738
133.202
132.528
131.68
130.613
129.28
127.643
125.704
123.549
121.386
119.49
117.956
116.763
115.848
115.145
114.601
114.175
113.837
113.564
113.341
113.153
112.991
112.847
112.713
112.584
112.453
112.313
112.159
111.981
111.771
111.517
111.203
110.81
110.311
109.669
108.835
107.744
106.31
104.44
102.07
99.26
96.36
94.0248
92.3139
91.0917
90.2144
89.5738
89.0962
88.7325
88.4496
88.225
88.0426
87.8909
87.7609
87.6456
87.5391
87.436
87.3314
87.22
87.0961
86.9531
86.7829
86.5751
86.3162
85.9872
85.5618
85.0015
84.2487
83.217
81.7758
79.7379
76.8753
73.0611
68.7688
65.9356
64.1832
63.0755
62.3443
61.8398
61.4777
61.2091
61.004
60.8433
60.714
60.6072
60.5161
60.4357
60.3614
60.2897
60.2169
60.1391
60.0525
59.9522
59.8321
59.6847
59.4994
59.2612
58.9481
58.5263
57.941
57.0996
55.8386
53.8605
50.6323
45.3401
37.7186
34.7655
33.4079
32.6827
32.2476
31.9633
31.7658
31.6223
31.5141
31.4301
31.363
31.3078
31.2608
31.2195
31.1814
31.1446
31.1072
31.0672
31.0227
30.9709
30.9088
30.8322
30.7354
30.6099
30.4432
30.2147
29.8894
29.4018
28.6184
27.2331
24.4534
17.9484

